#figure(
  caption: [Porównanie błędu: Eliminacja Gaussa vs Algorytm Thomasa],
  table(
    columns: (auto, 1fr, 1fr, 1fr, 1fr),
    align: center + horizon,
    stroke: 0.5pt,
    table.header(
      table.cell(rowspan: 2)[*n*],
      table.cell(colspan: 2)[*Eliminacja Gaussa*],
      table.cell(colspan: 2)[*Algorytm Thomasa*],
      
      [*f32*], [*f64*], [*f32*], [*f64*]
    ),
    [2], [0.0000e+00], [0.0000e+00], [0.0000e+00], [2.2204e-16],
    [3], [0.0000e+00], [0.0000e+00], [5.9605e-08], [2.2204e-16],
    [4], [0.0000e+00], [2.2204e-16], [5.9605e-08], [2.2204e-16],
    [5], [0.0000e+00], [2.2204e-16], [5.9605e-08], [2.2204e-16],
    [6], [0.0000e+00], [2.2204e-16], [1.1921e-07], [2.2204e-16],
    [7], [1.1921e-07], [2.2204e-16], [1.1921e-07], [2.2204e-16],
    [8], [1.1921e-07], [2.2204e-16], [1.1921e-07], [2.2204e-16],
    [9], [1.1921e-07], [2.2204e-16], [1.1921e-07], [2.2204e-16],
    [10], [1.1921e-07], [2.2204e-16], [1.1921e-07], [2.2204e-16],
    [11], [1.1921e-07], [2.2204e-16], [1.1921e-07], [2.2204e-16],
    [12], [1.1921e-07], [2.2204e-16], [1.1921e-07], [2.2204e-16],
    [13], [1.1921e-07], [2.2204e-16], [1.1921e-07], [2.2204e-16],
    [14], [1.1921e-07], [2.2204e-16], [1.1921e-07], [2.2204e-16],
    [15], [1.1921e-07], [2.2204e-16], [1.1921e-07], [2.2204e-16],
    [16], [1.1921e-07], [2.2204e-16], [1.1921e-07], [2.2204e-16],
    [17], [1.1921e-07], [2.2204e-16], [1.1921e-07], [2.2204e-16],
    [18], [1.1921e-07], [2.2204e-16], [1.1921e-07], [2.2204e-16],
    [19], [1.1921e-07], [2.2204e-16], [1.1921e-07], [2.2204e-16],
    [20], [1.1921e-07], [2.2204e-16], [1.1921e-07], [2.2204e-16],
    [50], [1.1921e-07], [2.2204e-16], [1.1921e-07], [2.2204e-16],
    [100], [1.1921e-07], [2.2204e-16], [1.1921e-07], [2.2204e-16],
    [150], [1.1921e-07], [2.2204e-16], [1.7881e-07], [2.2204e-16],
    [200], [1.1921e-07], [2.2204e-16], [1.7881e-07], [2.2204e-16],
    [250], [1.1921e-07], [2.2204e-16], [1.7881e-07], [4.4409e-16],
  )
)
