#figure(
  caption: [Porównanie zużycia zasobów: Eliminacja Gaussa vs Algorytm Thomasa],
  #set text(size: 9pt)
  table(
    columns: (auto, 1fr, 1fr, 1fr, 1fr, 1fr, 1fr, 1fr, 1fr),
    align: center + horizon,
    stroke: 0.5pt,
    table.header(
      table.cell(rowspan: 3)[*n*],
      table.cell(colspan: 4)[*Eliminacja Gaussa*],
      table.cell(colspan: 4)[*Algorytm Thomasa*],
      
      table.cell(colspan: 2)[*Czas [s]*], table.cell(colspan: 2)[*Pamięć [KB]*],
      table.cell(colspan: 2)[*Czas [s]*], table.cell(colspan: 2)[*Pamięć [KB]*],
      
      [*f32*], [*f64*], [*f32*], [*f64*],
      [*f32*], [*f64*], [*f32*], [*f64*]
    ),
    [2], [7.2520e-04], [4.9540e-04], [1.8], [1.8], [1.7900e-04], [1.6370e-04], [0.7], [0.7],
    [3], [5.9440e-04], [3.4350e-04], [1.9], [2.0], [2.3290e-04], [1.3470e-04], [0.7], [0.7],
    [4], [4.3400e-04], [4.1730e-04], [2.0], [1.9], [1.5720e-04], [1.4800e-04], [0.7], [0.8],
    [5], [5.8450e-04], [6.6770e-04], [1.9], [2.0], [1.8790e-04], [1.8120e-04], [0.7], [0.8],
    [6], [7.8620e-04], [8.6380e-04], [1.9], [2.1], [2.1480e-04], [2.1630e-04], [0.7], [0.9],
    [7], [9.5020e-04], [9.9790e-04], [2.0], [2.2], [2.4910e-04], [2.5700e-04], [0.8], [0.9],
    [8], [1.3501e-03], [1.2471e-03], [2.0], [2.4], [2.8160e-04], [2.8690e-04], [0.8], [0.9],
    [9], [1.5661e-03], [1.4893e-03], [2.1], [2.5], [3.2340e-04], [3.2300e-04], [0.8], [1.0],
    [10], [1.9032e-03], [1.8967e-03], [2.2], [2.7], [4.3520e-04], [3.8610e-04], [0.8], [1.0],
    [11], [2.3518e-03], [2.2057e-03], [2.3], [2.9], [4.2680e-04], [4.8880e-04], [0.8], [1.0],
    [12], [2.6219e-03], [2.4699e-03], [2.4], [3.1], [4.5260e-04], [5.6160e-04], [0.9], [1.1],
    [13], [1.1186e-02], [6.1565e-03], [2.5], [3.3], [9.8180e-04], [9.2070e-04], [0.9], [1.1],
    [14], [6.9706e-03], [4.8977e-03], [2.6], [3.6], [9.5920e-04], [5.2290e-04], [0.9], [1.2],
    [15], [3.7199e-03], [6.9076e-03], [2.8], [3.8], [5.5040e-04], [1.0578e-03], [0.9], [1.2],
    [16], [7.1088e-03], [4.2570e-03], [2.9], [4.1], [6.0680e-04], [5.6800e-04], [1.0], [1.3],
    [17], [4.6142e-03], [4.6544e-03], [3.0], [4.4], [6.3510e-04], [6.0390e-04], [1.0], [1.3],
    [18], [5.0586e-03], [5.0298e-03], [3.2], [4.7], [6.5170e-04], [6.2950e-04], [1.0], [1.3],
    [19], [5.5315e-03], [5.6040e-03], [3.3], [5.0], [7.0530e-04], [7.6150e-04], [1.0], [1.4],
    [20], [6.1019e-03], [6.1019e-03], [3.5], [5.3], [7.0510e-04], [8.5450e-04], [1.0], [1.4],
    [50], [3.5463e-02], [3.5653e-02], [12.1], [22.4], [1.7595e-03], [1.7887e-03], [1.6], [2.6],
    [100], [1.4526e-01], [1.4301e-01], [41.9], [82.2], [3.4816e-03], [3.5120e-03], [2.6], [4.5],
    [150], [3.1804e-01], [3.1226e-01], [91.3], [181.0], [5.3499e-03], [5.2394e-03], [3.6], [6.5],
    [200], [5.5841e-01], [5.5048e-01], [160.3], [318.9], [7.0513e-03], [6.9664e-03], [4.6], [8.5],
    [250], [8.6391e-01], [8.8335e-01], [248.8], [495.8], [8.7830e-03], [9.2137e-03], [5.5], [10.4],
  )
)
